0,1,2,3,4,5,6,7,8,9,10,11,12,13,14,15,16,17,18,19
2.45E-13,1.07E-11,0.636409786,3.91E-14,2.22E-12,0.00863716,0.047644154,0.082914341,0.009728187,0.012629799,0.000177382,0.007096628,0.008550198,0.006490083,0.096660013,6.28E-12,0.011965963,0.001157504,0.069916176,2.26E-05
2.43E-13,1.29E-11,0.646864189,3.15E-14,2.63E-12,0.009009676,0.046862596,0.083835057,0.009874438,0.012039082,0.000179142,0.006367209,0.007697705,0.005829423,0.094084864,7.02E-12,0.011415464,0.001107945,0.064811055,2.22E-05
2.40E-13,1.26E-11,0.654851178,3.13E-14,2.60E-12,0.009337969,0.045964756,0.080398435,0.010054312,0.011471263,0.000184281,0.00617063,0.007466685,0.005530008,0.093102953,6.87E-12,0.011012101,0.001083775,0.06334978,2.19E-05
2.37E-13,1.27E-11,0.659290979,3.06E-14,2.55E-12,0.009061365,0.045574365,0.079648837,0.009748415,0.011360534,0.000179074,0.006139534,0.00743247,0.00548744,0.090067893,6.80E-12,0.010999598,0.001072725,0.063914835,2.19E-05
2.37E-13,1.26E-11,0.659322863,3.06E-14,2.55E-12,0.009069603,0.045572054,0.079635021,0.009753665,0.011361365,0.000179189,0.0061373,0.007429267,0.005485886,0.090054302,6.80E-12,0.010998115,0.001072731,0.063906708,2.19E-05
2.37E-13,1.26E-11,0.65932156,3.07E-14,2.55E-12,0.00905305,0.045575427,0.079649637,0.009748044,0.011362158,0.000179064,0.006137269,0.007429655,0.005483099,0.090057103,6.82E-12,0.010998989,0.001073041,0.06390997,2.19E-05
3.94E-13,1.85E-11,0.654194853,6.64E-14,5.05E-12,0.008637265,0.046114834,0.087826189,0.011156494,0.011645571,0.000193188,0.006939898,0.008578332,0.006606879,0.07829287,7.04E-12,0.011036237,0.000988034,0.067766553,2.28E-05
4.35E-13,1.91E-11,0.661231585,7.21E-14,5.12E-12,0.009845361,0.050838332,0.071206016,0.010086392,0.012451145,0.000167813,0.004900582,0.005519072,0.005853071,0.080992947,5.31E-12,0.011395585,0.000994861,0.074494907,2.23E-05
3.61E-13,2.01E-11,0.661700698,4.24E-14,5.42E-12,0.010471369,0.049665438,0.071122316,0.00977821,0.012319052,0.000168658,0.004944827,0.005932429,0.00578761,0.081106623,8.62E-12,0.011389529,0.001018426,0.074572568,2.22E-05
3.42E-13,1.60E-11,0.652842444,5.08E-14,4.62E-12,0.010698987,0.055711219,0.079972882,0.009705808,0.013834104,0.0001668,0.005238976,0.006385094,0.005893054,0.078734483,7.98E-12,0.011401211,0.000905907,0.068487823,2.12E-05
3.42E-13,1.60E-11,0.652841269,5.08E-14,4.62E-12,0.01070022,0.055710166,0.079973673,0.009706214,0.013834128,0.000166801,0.005239041,0.006385114,0.005892997,0.07873434,7.98E-12,0.011401191,0.000905993,0.068487646,2.12E-05
3.43E-13,1.53E-11,0.653439645,4.81E-14,4.56E-12,0.009554936,0.055748112,0.080000793,0.00995042,0.013845262,0.000167636,0.005235919,0.006467518,0.005963854,0.078805638,7.00E-12,0.011411516,0.00083884,0.068548733,2.12E-05
3.44E-13,1.53E-11,0.653446143,4.84E-14,4.56E-12,0.009540116,0.05576371,0.080000594,0.009930839,0.013845327,0.000167487,0.005235606,0.006473315,0.005972119,0.078806433,7.00E-12,0.011411628,0.00083395,0.068551547,2.12E-05
3.48E-13,1.41E-11,0.65367659,5.00E-14,3.89E-12,0.009424443,0.055850083,0.08001499,0.009290993,0.014007327,0.000157393,0.005234614,0.006525062,0.006048687,0.078837122,6.19E-12,0.011415421,0.000864388,0.068631707,2.12E-05
3.48E-13,1.41E-11,0.653667628,4.96E-14,3.89E-12,0.009436325,0.055835878,0.080016955,0.009317056,0.014002509,0.000157642,0.005235072,0.006519315,0.006040868,0.078836052,6.19E-12,0.011415269,0.000869217,0.068629043,2.12E-05
3.48E-13,1.41E-11,0.653667696,4.96E-14,3.89E-12,0.009436266,0.055835858,0.080016964,0.009316961,0.014002513,0.000157641,0.005235075,0.006519299,0.006040932,0.078836059,6.19E-12,0.01141527,0.000869199,0.068629095,2.12E-05
3.48E-13,1.41E-11,0.653667576,4.96E-14,3.89E-12,0.009436293,0.055836028,0.080016939,0.009317259,0.01400235,0.000157644,0.005235073,0.006519347,0.006040884,0.078836025,6.19E-12,0.011415268,0.000869208,0.068628936,2.12E-05
3.36E-13,1.54E-11,0.65238586,4.18E-14,4.65E-12,0.009124699,0.056312707,0.081391017,0.009406512,0.013779956,0.000161679,0.005226107,0.006501372,0.006150674,0.078681967,8.12E-12,0.011393156,0.000843118,0.068619853,2.13E-05
3.36E-13,1.61E-11,0.653425954,4.00E-14,4.67E-12,0.008822548,0.056235987,0.080733318,0.0093101,0.01386897,0.000160615,0.005233112,0.006431516,0.006035483,0.078820753,8.54E-12,0.011411342,0.000862077,0.068627194,2.10E-05
3.39E-13,1.55E-11,0.653195619,4.21E-14,4.65E-12,0.008902083,0.056349774,0.080706804,0.009307897,0.013876375,0.000160607,0.005228392,0.006482152,0.006068856,0.078796309,8.31E-12,0.01140728,0.000843923,0.068652576,2.14E-05
3.39E-13,1.46E-11,0.651399568,4.57E-14,3.61E-12,0.010445742,0.055583148,0.080643731,0.011128516,0.014033942,0.000187613,0.005205343,0.006108192,0.005955048,0.078574354,9.44E-12,0.011376476,0.000882878,0.068454429,2.10E-05
3.39E-13,1.46E-11,0.651399568,4.57E-14,3.61E-12,0.010445742,0.055583148,0.080643731,0.011128516,0.014033942,0.000187613,0.005205343,0.006108192,0.005955048,0.078574354,9.44E-12,0.011376476,0.000882878,0.068454429,2.10E-05
3.35E-13,1.45E-11,0.650664526,4.55E-14,3.62E-12,0.01025375,0.055672002,0.080713083,0.012299184,0.013988462,0.000201047,0.005203122,0.006072569,0.005828016,0.078471534,9.18E-12,0.011364096,0.000895231,0.068352361,2.10E-05
3.33E-13,1.45E-11,0.651089828,4.31E-14,3.60E-12,0.009724233,0.055623662,0.080741497,0.012307099,0.013999794,0.000202132,0.005210124,0.006098772,0.005866472,0.078519097,8.90E-12,0.011371502,0.000819771,0.068404773,2.12E-05
3.35E-13,1.45E-11,0.651222122,4.55E-14,3.62E-12,0.010446168,0.055487946,0.080584435,0.011712268,0.01400198,0.00019389,0.00520778,0.006073104,0.005841793,0.078536127,8.12E-12,0.011373393,0.000887767,0.068410075,2.12E-05
3.35E-13,1.45E-11,0.651222122,4.55E-14,3.62E-12,0.010446168,0.055487946,0.080584435,0.011712268,0.01400198,0.00019389,0.00520778,0.006073104,0.005841793,0.078536127,8.12E-12,0.011373393,0.000887767,0.068410075,2.12E-05
3.35E-13,1.45E-11,0.65123026,4.56E-14,3.61E-12,0.010434999,0.05548697,0.080585436,0.011712007,0.014002117,0.000193909,0.005207752,0.006073479,0.005842825,0.078537089,8.13E-12,0.011373536,0.000887646,0.068410825,2.12E-05
3.20E-13,1.04E-11,0.648476337,4.50E-14,1.93E-12,0.010593049,0.055007833,0.081531464,0.009656602,0.018157957,0.000166853,0.005191213,0.006302477,0.005797842,0.078643021,7.22E-12,0.011326159,0.000940441,0.068187269,2.15E-05
3.20E-13,1.04E-11,0.648478253,4.50E-14,1.93E-12,0.010591007,0.055011436,0.081530873,0.009653505,0.018160703,0.000166785,0.005191242,0.006301941,0.005795653,0.078642532,7.21E-12,0.011326192,0.000940564,0.06818783,2.15E-05
3.20E-13,1.04E-11,0.648478153,4.50E-14,1.93E-12,0.010591048,0.055011489,0.081530863,0.009653585,0.018160585,0.000166787,0.005191241,0.006301947,0.00579568,0.078642541,7.21E-12,0.01132619,0.000940562,0.068187843,2.15E-05
3.20E-13,1.04E-11,0.648478217,4.50E-14,1.93E-12,0.010590955,0.055011632,0.081530381,0.009653815,0.018160536,0.00016679,0.00519128,0.006301977,0.005795753,0.078642569,7.21E-12,0.011326193,0.000940569,0.068187852,2.15E-05
2.84E-13,9.28E-12,0.64772729,4.68E-14,1.81E-12,0.01104106,0.055439859,0.081812737,0.009135937,0.017948173,0.000164743,0.005185586,0.006488678,0.006010653,0.078513418,7.03E-12,0.011314251,0.001026534,0.068169597,2.15E-05
2.71E-13,9.02E-12,0.648349126,3.80E-14,1.71E-12,0.010793867,0.055082127,0.081399952,0.009179386,0.017984681,0.00016639,0.005194604,0.006543142,0.006092084,0.07858654,6.21E-12,0.011324022,0.001033277,0.068249342,2.15E-05
2.71E-13,9.02E-12,0.648349474,3.80E-14,1.71E-12,0.0107935,0.055082022,0.081399997,0.00917938,0.017984672,0.00016639,0.005194603,0.006543154,0.006092109,0.078586591,6.21E-12,0.011324028,0.001033267,0.068249352,2.15E-05
3.01E-13,9.46E-12,0.643284162,4.80E-14,2.08E-12,0.010589078,0.055092752,0.084129469,0.010076157,0.016585899,0.000194301,0.005215002,0.006682601,0.005858538,0.077601258,5.02E-12,0.011209445,0.001025452,0.072433643,2.22E-05
3.01E-13,9.46E-12,0.643284162,4.80E-14,2.08E-12,0.010589078,0.055092752,0.084129469,0.010076157,0.016585899,0.000194301,0.005215002,0.006682601,0.005858538,0.077601258,5.02E-12,0.011209445,0.001025452,0.072433643,2.22E-05
3.03E-13,9.25E-12,0.639081922,5.00E-14,2.01E-12,0.01046676,0.057299107,0.077214969,0.009928638,0.015246529,0.00019457,0.005693502,0.007421045,0.006328345,0.084726646,5.21E-12,0.011249926,0.000934442,0.074191995,2.16E-05
3.03E-13,9.24E-12,0.639390861,5.04E-14,2.01E-12,0.010307552,0.057216606,0.077141415,0.00993039,0.015214732,0.000194983,0.005691721,0.007418699,0.00629997,0.084767117,4.78E-12,0.011255262,0.000925411,0.07422368,2.16E-05
3.03E-13,9.24E-12,0.639390861,5.04E-14,2.01E-12,0.010307552,0.057216606,0.077141415,0.00993039,0.015214732,0.000194983,0.005691721,0.007418699,0.00629997,0.084767117,4.78E-12,0.011255262,0.000925411,0.07422368,2.16E-05
3.03E-13,9.24E-12,0.639390861,5.04E-14,2.01E-12,0.010307552,0.057216606,0.077141415,0.00993039,0.015214732,0.000194983,0.005691721,0.007418699,0.00629997,0.084767117,4.78E-12,0.011255262,0.000925411,0.07422368,2.16E-05
3.03E-13,9.24E-12,0.639390861,5.04E-14,2.01E-12,0.010307552,0.057216606,0.077141415,0.00993039,0.015214732,0.000194983,0.005691721,0.007418699,0.00629997,0.084767117,4.78E-12,0.011255262,0.000925411,0.07422368,2.16E-05
3.40E-13,9.91E-12,0.638930507,6.45E-14,2.49E-12,0.010242408,0.05766452,0.077202672,0.010384919,0.015169484,0.000204669,0.005688058,0.007291874,0.006149878,0.084713734,5.60E-12,0.011246875,0.000921881,0.074166633,2.19E-05
3.40E-13,9.92E-12,0.639410318,6.49E-14,2.49E-12,0.010043208,0.05766888,0.077149769,0.010043009,0.015190571,0.000202802,0.005694075,0.0072962,0.006130115,0.084774287,4.26E-12,0.011255328,0.000919521,0.074200101,2.18E-05
3.40E-13,9.92E-12,0.639410129,6.49E-14,2.49E-12,0.010043071,0.057669371,0.077149665,0.01004296,0.015190584,0.0002028,0.005694077,0.007296228,0.006130089,0.084774285,4.26E-12,0.011255325,0.000919527,0.074200076,2.18E-05
3.28E-13,9.58E-12,0.639551598,6.30E-14,2.39E-12,0.010431062,0.057226072,0.07712704,0.009965219,0.015263904,0.000190912,0.005693654,0.007257291,0.00612678,0.084782505,4.24E-12,0.011257863,0.000886394,0.074218194,2.15E-05
3.28E-13,9.57E-12,0.639553199,6.30E-14,2.39E-12,0.010429911,0.057226122,0.077127292,0.009964293,0.015264075,0.000190892,0.005693649,0.007257067,0.00612675,0.084782701,4.24E-12,0.011257892,0.000886419,0.074218225,2.15E-05
3.22E-13,9.10E-12,0.639868893,6.18E-14,2.11E-12,0.010080325,0.057266089,0.077166186,0.010020239,0.015232691,0.000198111,0.005696484,0.007199226,0.006018026,0.084825291,4.29E-12,0.011263476,0.000889457,0.074253645,2.19E-05
3.22E-13,9.10E-12,0.639868893,6.18E-14,2.11E-12,0.010080325,0.057266089,0.077166186,0.010020239,0.015232691,0.000198111,0.005696484,0.007199226,0.006018026,0.084825291,4.29E-12,0.011263476,0.000889457,0.074253645,2.19E-05
3.22E-13,9.05E-12,0.639995898,6.16E-14,2.07E-12,0.009891746,0.05725969,0.077189228,0.010021929,0.015225479,0.000198237,0.005697883,0.007200851,0.006023498,0.084842265,4.33E-12,0.011265784,0.000892141,0.074273566,2.18E-05
3.23E-13,9.18E-12,0.640029206,6.22E-14,2.14E-12,0.009859051,0.057309327,0.077014523,0.010093645,0.015203834,0.000200861,0.005708649,0.007206478,0.006028229,0.084849093,4.32E-12,0.011266321,0.000891214,0.07431784,2.17E-05
3.29E-13,9.84E-12,0.638572217,6.40E-14,2.45E-12,0.010610869,0.057505243,0.077748845,0.010253397,0.015176356,0.000193064,0.005724008,0.007202961,0.006054173,0.084658158,4.38E-12,0.011240574,0.00089537,0.074143359,2.14E-05
3.21E-13,9.64E-12,0.63931905,6.18E-14,2.45E-12,0.010645093,0.057539125,0.076957486,0.01005265,0.015160729,0.000192465,0.005702095,0.007216421,0.006021262,0.084754884,4.25E-12,0.011253797,0.000893374,0.074270121,2.14E-05
2.52E-13,9.24E-12,0.632831231,3.86E-14,1.64E-12,0.009522401,0.056344394,0.079536759,0.008104636,0.024216232,0.000159855,0.006498219,0.007379195,0.006508552,0.084313551,3.55E-12,0.011128948,0.001064098,0.072370996,2.09E-05
2.52E-13,9.24E-12,0.632831015,3.86E-14,1.64E-12,0.009522378,0.056344446,0.079536924,0.008104751,0.024216219,0.000159857,0.006498214,0.007379192,0.006508549,0.084313523,3.55E-12,0.011128944,0.001064097,0.072370957,2.09E-05
2.52E-13,9.24E-12,0.632831201,3.86E-14,1.64E-12,0.009522478,0.05634416,0.079536921,0.008104779,0.024216207,0.000159857,0.006498218,0.007379184,0.006508531,0.08431355,3.55E-12,0.011128948,0.001064104,0.072370928,2.09E-05
2.52E-13,9.24E-12,0.632831201,3.86E-14,1.64E-12,0.009522478,0.05634416,0.079536921,0.008104779,0.024216207,0.000159857,0.006498218,0.007379184,0.006508531,0.08431355,3.55E-12,0.011128948,0.001064104,0.072370928,2.09E-05
2.60E-13,9.35E-12,0.631783662,3.89E-14,1.60E-12,0.010151802,0.05594756,0.08042188,0.008899463,0.023998418,0.000178437,0.006485573,0.007200992,0.006485497,0.084122436,3.37E-12,0.011109559,0.001011891,0.072182002,2.08E-05
2.34E-13,9.15E-12,0.632627185,3.18E-14,1.28E-12,0.009330016,0.055982126,0.079444714,0.008922057,0.024360687,0.000187054,0.006526019,0.007366733,0.006645846,0.084219797,3.32E-12,0.011123137,0.001000623,0.072243154,2.09E-05
2.31E-13,1.04E-11,0.633711873,3.16E-14,1.53E-12,0.008683697,0.055800238,0.07968944,0.007898502,0.024867868,0.000157819,0.006497011,0.00717612,0.006681581,0.084345687,3.58E-12,0.01114162,0.00098057,0.072347165,2.08E-05
2.30E-13,1.14E-11,0.633918047,2.83E-14,1.61E-12,0.008260561,0.05568415,0.079689132,0.007900476,0.024928067,0.000157964,0.006523864,0.007288316,0.006753526,0.08436609,3.76E-12,0.011145252,0.000990048,0.072373651,2.09E-05
2.40E-13,9.90E-12,0.628549702,3.31E-14,1.31E-12,0.009819413,0.059367865,0.079190559,0.006612856,0.023978879,0.000146337,0.006920325,0.007735414,0.007046808,0.084849445,3.45E-12,0.011126032,0.001042478,0.073591573,2.23E-05
2.32E-13,1.01E-11,0.624834219,3.39E-14,1.33E-12,0.010693761,0.061297383,0.078937602,0.006389019,0.025883251,0.000139816,0.006961536,0.008105161,0.007126645,0.084362049,3.81E-12,0.011062803,0.001114136,0.073070445,2.22E-05
2.70E-13,1.12E-11,0.628102904,3.79E-14,1.46E-12,0.009732556,0.059404884,0.07949394,0.006837928,0.023941104,0.00015013,0.007030201,0.007786646,0.00704448,0.084787347,3.56E-12,0.011118029,0.001048789,0.073498776,2.23E-05
2.77E-13,1.28E-11,0.626834008,3.61E-14,1.80E-12,0.009272579,0.061417967,0.079240085,0.005537111,0.024759304,0.000120938,0.007016951,0.008182545,0.007210627,0.084615474,3.91E-12,0.011095561,0.001152284,0.073522364,2.22E-05
2.72E-13,1.35E-11,0.629193858,4.13E-14,1.88E-12,0.011185702,0.054112006,0.074257478,0.006330377,0.021920315,0.000134537,0.006667836,0.007736954,0.006860172,0.0833906,3.42E-12,0.011199601,0.000834905,0.086151771,2.39E-05
2.75E-13,1.39E-11,0.627137812,3.90E-14,1.76E-12,0.012068467,0.055050435,0.074708838,0.0059317,0.022020644,0.000129046,0.006904365,0.008128462,0.006871591,0.083123211,2.87E-12,0.011166333,0.000825962,0.085909169,2.40E-05
2.47E-13,1.21E-11,0.631846338,3.68E-14,1.75E-12,0.01190427,0.051945648,0.07289503,0.005770347,0.021717185,0.000124584,0.007363506,0.008591937,0.007536915,0.083753243,2.99E-12,0.010885508,0.00085075,0.084791199,2.35E-05
2.67E-13,1.14E-11,0.644405307,3.99E-14,2.46E-12,0.010239895,0.05040055,0.059557006,0.007398912,0.022834909,0.00015702,0.008708841,0.010151453,0.008882444,0.086049405,5.23E-12,0.012622057,0.00080416,0.077765946,2.21E-05
2.63E-13,1.10E-11,0.642361204,4.24E-14,1.90E-12,0.008188109,0.05565252,0.059834871,0.007594703,0.022668998,0.000162821,0.008591334,0.009790448,0.008422438,0.08578255,4.96E-12,0.012586128,0.000771453,0.077570265,2.22E-05
2.60E-13,1.27E-11,0.634226688,4.82E-14,1.91E-12,0.007844734,0.068742325,0.058939542,0.006654052,0.022403271,0.000151373,0.008496776,0.009595414,0.008388087,0.084739047,5.55E-12,0.012445687,0.000759602,0.076590098,2.33E-05
2.87E-13,1.00E-11,0.615289785,6.98E-14,3.40E-12,0.008598277,0.092095098,0.058807914,0.007146818,0.021875839,0.000157808,0.008487839,0.00965514,0.008450435,0.082265527,6.80E-12,0.012222149,0.000773785,0.074151562,2.20E-05
3.33E-13,1.17E-11,0.643575686,8.30E-14,4.13E-12,0.008464947,0.083008552,0.052221266,0.007548789,0.020003487,0.000161641,0.007282955,0.008505959,0.007084016,0.077897413,7.29E-12,0.013112791,0.000782864,0.070326018,2.36E-05
3.55E-13,1.32E-11,0.65023129,7.50E-14,3.91E-12,0.008437773,0.081192189,0.047295222,0.00768022,0.021300797,0.000156182,0.007207915,0.008711952,0.007911937,0.079392147,5.92E-12,0.01329232,0.000742601,0.06642442,2.30E-05
3.63E-13,1.36E-11,0.661227823,7.65E-14,3.90E-12,0.008736186,0.072477549,0.042554154,0.007032958,0.021697203,0.000151536,0.007343377,0.008990929,0.00788122,0.08054166,5.90E-12,0.012738609,0.000781398,0.067821926,2.35E-05
3.94E-13,1.70E-11,0.656922017,7.76E-14,4.40E-12,0.008654736,0.08388291,0.041925029,0.006237288,0.025992088,0.000138394,0.006638868,0.008263461,0.006991431,0.080069799,4.66E-12,0.012719059,0.000753109,0.060789401,2.24E-05
2.78E-13,1.21E-11,0.63146264,4.67E-14,3.25E-12,0.008009772,0.116975911,0.041093601,0.004789322,0.026499813,0.000112106,0.007875139,0.010049455,0.007195287,0.074799861,5.89E-12,0.014623207,0.000772148,0.055718662,2.31E-05
2.85E-13,1.16E-11,0.629006435,4.56E-14,3.31E-12,0.008032051,0.105516038,0.044103472,0.005341916,0.026170631,0.000127688,0.008431582,0.01037684,0.0078121,0.073881953,6.56E-12,0.016604165,0.000783231,0.063785972,2.59E-05
3.25E-13,1.17E-11,0.621499875,5.62E-14,3.29E-12,0.008900702,0.092212385,0.051503976,0.004813223,0.023687792,0.000117069,0.009843457,0.01180775,0.009607907,0.084003416,5.97E-12,0.015862534,0.000767648,0.065350056,2.22E-05
3.45E-13,1.35E-11,0.621617703,5.66E-14,3.81E-12,0.009413525,0.083959553,0.045120536,0.005236702,0.023109385,0.000123431,0.012760708,0.01501988,0.0120099,0.085504076,5.93E-12,0.01348035,0.000732057,0.071888882,2.33E-05
3.78E-13,1.52E-11,0.648639475,5.59E-14,3.76E-12,0.009135582,0.065243491,0.044435339,0.005428646,0.025658438,0.000125423,0.012711814,0.01557384,0.011747719,0.082433164,5.96E-12,0.010251441,0.000807766,0.067785677,2.22E-05
3.66E-13,1.40E-11,0.654531589,5.62E-14,3.66E-12,0.00945404,0.063742152,0.043263388,0.005249504,0.026675271,0.000120961,0.012137997,0.014927335,0.011200134,0.081812575,5.89E-12,0.009684415,0.000804695,0.066374287,2.17E-05
4.27E-13,1.88E-11,0.670621659,6.02E-14,4.96E-12,0.009500002,0.049544013,0.039874692,0.007189621,0.02754105,0.000162936,0.01389009,0.017359012,0.01186869,0.079743921,7.42E-12,0.011538751,0.000739444,0.060407105,1.90E-05
3.68E-13,1.54E-11,0.675644853,5.45E-14,4.24E-12,0.009352793,0.039671854,0.042349745,0.008406877,0.024913289,0.000178559,0.012520128,0.014480222,0.01198936,0.091312562,8.78E-12,0.01120464,0.000628748,0.057325552,2.08E-05
3.78E-13,1.51E-11,0.677685411,5.67E-14,4.18E-12,0.008938288,0.041341509,0.039421172,0.008673509,0.024833152,0.000184682,0.012491047,0.014411411,0.012156614,0.089312643,8.26E-12,0.011183002,0.000648885,0.058698223,2.05E-05
4.07E-13,1.75E-11,0.672526361,5.91E-14,4.64E-12,0.008861643,0.037926452,0.040628446,0.009145619,0.02412345,0.000186684,0.015490194,0.017592291,0.01485214,0.087648135,8.89E-12,0.010401385,0.000534499,0.060061332,2.14E-05
4.09E-13,1.73E-11,0.674033891,6.15E-14,4.79E-12,0.009078927,0.040869603,0.038737737,0.008989074,0.023551047,0.000183635,0.015348667,0.017529377,0.014601129,0.087950412,8.70E-12,0.010363899,0.000481261,0.058260427,2.09E-05
3.96E-13,1.64E-11,0.686567974,5.99E-14,4.70E-12,0.00828139,0.031107644,0.040849629,0.009378737,0.022296063,0.000193636,0.01516299,0.016786608,0.015242761,0.082397083,8.90E-12,0.013892442,0.000428905,0.057393993,2.01E-05
3.93E-13,1.64E-11,0.676269415,6.00E-14,4.73E-12,0.008581186,0.030538343,0.041436718,0.009124469,0.022716755,0.000184135,0.020369768,0.022343136,0.019914737,0.079077843,8.36E-12,0.013847934,0.000376292,0.055201207,1.81E-05
3.83E-13,1.61E-11,0.668964486,5.78E-14,4.57E-12,0.009234788,0.026530843,0.050697127,0.009476774,0.024596163,0.00019323,0.021043873,0.022878771,0.020392032,0.074995508,9.13E-12,0.014191853,0.00040908,0.056379804,1.57E-05
4.13E-13,1.71E-11,0.657804682,7.01E-14,4.84E-12,0.009681183,0.020704975,0.055063191,0.010371933,0.024626492,0.000209694,0.023458478,0.025493037,0.023174685,0.073082805,9.80E-12,0.013884544,0.000383343,0.06204427,1.67E-05
3.79E-13,1.65E-11,0.664763056,5.68E-14,4.65E-12,0.009173225,0.016088694,0.049232965,0.010942388,0.025525651,0.000222371,0.025797374,0.028221916,0.025788988,0.075602755,1.03E-11,0.014365533,0.000442208,0.053817837,1.50E-05
3.57E-13,1.54E-11,0.661074447,5.10E-14,4.65E-12,0.009192669,0.016063663,0.049847053,0.010126896,0.026359082,0.000197638,0.026225609,0.028866862,0.026158111,0.076954651,9.92E-12,0.015263175,0.000431453,0.053224004,1.47E-05
3.61E-13,1.55E-11,0.657248549,5.24E-14,4.78E-12,0.008692602,0.015459667,0.05101185,0.010231347,0.026691146,0.000198988,0.026161876,0.028514726,0.026356607,0.07824973,1.00E-11,0.01529482,0.000423835,0.055449156,1.51E-05
3.52E-13,1.63E-11,0.660303201,4.93E-14,4.93E-12,0.008267047,0.01093685,0.051880337,0.010289675,0.027445948,0.000203097,0.026587165,0.02884647,0.027179071,0.079467131,1.00E-11,0.015584245,0.000430013,0.052564974,1.48E-05
3.53E-13,1.63E-11,0.654266561,4.81E-14,4.82E-12,0.007736945,0.015260717,0.052491852,0.010289514,0.02762262,0.000203083,0.026549213,0.028735572,0.027281726,0.080323465,1.00E-11,0.015461837,0.000441561,0.0533206,1.47E-05
3.92E-13,1.71E-11,0.651575292,5.58E-14,5.12E-12,0.006417437,0.014294801,0.054893519,0.010924586,0.026802634,0.000208842,0.027354688,0.029570713,0.027933522,0.081235605,1.03E-11,0.016402878,0.000479964,0.051890173,1.53E-05
3.76E-13,1.63E-11,0.655623391,5.63E-14,4.94E-12,0.006284427,0.012198105,0.054793395,0.010842407,0.02693683,0.000210143,0.026967962,0.029006517,0.027571721,0.081830487,8.13E-12,0.016616343,0.00057297,0.05053067,1.46E-05
3.81E-13,1.66E-11,0.660032156,5.75E-14,5.04E-12,0.00706753,0.009214112,0.053114028,0.010920038,0.027106981,0.000211777,0.027247078,0.029349726,0.027818336,0.079574554,7.71E-12,0.016730265,0.000536775,0.051062111,1.45E-05
3.86E-13,1.66E-11,0.661778972,5.90E-14,5.06E-12,0.006787421,0.004890541,0.053674805,0.011176115,0.027419378,0.000217864,0.028427764,0.030525362,0.028966792,0.075538725,7.84E-12,0.017266096,0.000527356,0.052787717,1.51E-05
3.44E-13,1.42E-11,0.650194133,6.07E-14,4.88E-12,0.007783218,0.003390242,0.052600618,0.011562836,0.030707551,0.000221373,0.0306508,0.033350445,0.031589339,0.076559281,7.66E-12,0.017265813,0.000537252,0.053570941,1.62E-05
3.65E-13,1.39E-11,0.650317963,6.51E-14,4.57E-12,0.007488565,0.003664117,0.052791606,0.011364429,0.029371637,0.000218871,0.031376163,0.033450145,0.03210039,0.076726119,7.46E-12,0.017313806,0.000547026,0.053254071,1.51E-05
3.63E-13,1.38E-11,0.650708059,6.47E-14,4.49E-12,0.007512383,0.003422886,0.052796778,0.011249424,0.029140217,0.000218837,0.031395273,0.033489893,0.032094671,0.076762745,7.45E-12,0.017323511,0.000546551,0.053323668,1.51E-05
3.77E-13,1.41E-11,0.64936603,6.48E-14,4.56E-12,0.006995654,0.003784278,0.05388206,0.009674903,0.028915833,0.000190812,0.032084742,0.034520032,0.032697972,0.07569292,9.19E-12,0.017574421,0.000579324,0.054027172,1.38E-05
3.49E-13,1.29E-11,0.647973185,6.28E-14,4.46E-12,0.007031716,0.003757124,0.053913661,0.009722399,0.029003704,0.000191776,0.032612242,0.035129624,0.032977074,0.075739743,9.20E-12,0.017555768,0.000581616,0.053796495,1.39E-05
3.12E-13,1.19E-11,0.647067675,5.87E-14,4.10E-12,0.006576065,0.004063029,0.054731859,0.009225381,0.028831643,0.000184567,0.032697328,0.034993748,0.033011278,0.075913426,1.00E-11,0.017958153,0.000620214,0.054110737,1.49E-05
3.35E-13,1.29E-11,0.63799159,6.02E-14,4.17E-12,0.006078511,0.004456175,0.05476074,0.008828929,0.029422071,0.000180591,0.033422312,0.035671481,0.033964963,0.076752297,1.03E-11,0.018071779,0.000658919,0.05972396,1.57E-05
3.73E-13,1.36E-11,0.629015142,6.72E-14,4.44E-12,0.005869118,0.005031144,0.054674077,0.008646802,0.030263853,0.000177843,0.035603609,0.037888068,0.036439862,0.077176963,9.37E-12,0.017638874,0.000682082,0.060877158,1.54E-05
3.28E-13,1.25E-11,0.62974156,6.11E-14,4.10E-12,0.005882138,0.005070235,0.054910932,0.008787255,0.029899767,0.000181517,0.035939554,0.038010778,0.036797767,0.077014148,1.02E-11,0.017051982,0.000663293,0.060033798,1.53E-05
3.98E-13,1.63E-11,0.624616571,7.40E-14,5.72E-12,0.005705214,0.00457941,0.055710377,0.009913424,0.030124002,0.000213609,0.034634679,0.037591829,0.03513397,0.076589673,1.16E-11,0.017671741,0.000621936,0.06687614,1.74E-05
3.88E-13,1.60E-11,0.625686762,6.59E-14,5.75E-12,0.005562981,0.003033561,0.055497088,0.010698724,0.03012977,0.000224937,0.034998169,0.038062294,0.035287109,0.077030158,1.23E-11,0.017617849,0.000540043,0.065613987,1.66E-05
3.98E-13,1.59E-11,0.621684492,7.90E-14,5.93E-12,0.005780824,0.00217941,0.055922074,0.010633572,0.030510345,0.000221869,0.035353055,0.038570151,0.035510037,0.076657447,1.23E-11,0.01768037,0.000547902,0.068730499,1.80E-05
3.74E-13,1.49E-11,0.614603836,8.00E-14,6.55E-12,0.006795621,0.002323272,0.055480261,0.00738167,0.039604371,0.000151806,0.035699317,0.039330631,0.035539833,0.076083315,1.06E-11,0.017567537,0.000806147,0.068614836,1.75E-05
7.94E-13,3.41E-11,0.614870683,1.04E-13,7.41E-12,0.005691623,0.00260017,0.055671202,0.008311904,0.031414123,0.000151395,0.036431266,0.042079712,0.036492532,0.075938494,6.58E-12,0.015832152,0.000503331,0.073993084,1.83E-05
7.86E-13,3.44E-11,0.617797459,9.33E-14,7.31E-12,0.005248737,0.002230914,0.04678405,0.009006815,0.028451941,0.000161572,0.038526435,0.044410788,0.039688247,0.081907833,8.10E-12,0.012674767,0.000494419,0.072598263,1.78E-05
7.15E-13,3.09E-11,0.594465525,9.24E-14,7.09E-12,0.004883841,0.001999686,0.063249353,0.009035446,0.029295519,0.00015966,0.03913113,0.044947231,0.039484626,0.077582813,8.60E-12,0.010457283,0.000502316,0.084786183,1.94E-05
7.32E-13,3.71E-11,0.579351912,7.51E-14,7.35E-12,0.004998762,0.002197374,0.080255701,0.00686988,0.032387349,0.000119459,0.039153507,0.044305383,0.040127522,0.075792209,6.79E-12,0.010349443,0.000529683,0.083543072,1.87E-05
5.67E-13,2.38E-11,0.562291942,7.97E-14,6.04E-12,0.005358203,0.00202389,0.06633665,0.009030376,0.028662694,0.000160848,0.045187165,0.051581222,0.043410739,0.085203755,6.49E-12,0.010795058,0.000444527,0.089490539,2.24E-05
5.88E-13,2.44E-11,0.556695662,8.75E-14,6.23E-12,0.006374522,0.001893257,0.062308135,0.009161265,0.029497482,0.000163776,0.047656317,0.055637427,0.044750437,0.083505989,7.06E-12,0.010680821,0.000463141,0.091191641,2.01E-05
5.12E-13,2.23E-11,0.557943201,6.53E-14,6.13E-12,0.006423423,0.002592022,0.062151612,0.00821159,0.029774662,0.000140067,0.047412954,0.054478155,0.045181527,0.082702982,7.95E-12,0.010562342,0.000538558,0.091866961,1.99E-05
8.35E-13,3.81E-11,0.56971846,9.10E-14,8.42E-12,0.006605981,0.005684352,0.061663886,0.007453318,0.031964079,0.000132223,0.046703901,0.054453869,0.044741595,0.06103024,1.09E-11,0.012219039,0.00048556,0.097122299,2.12E-05
8.49E-13,3.74E-11,0.572739749,8.93E-14,7.94E-12,0.006247686,0.003660495,0.062046477,0.006313321,0.039934702,0.00011603,0.046867219,0.055716514,0.042072176,0.057600062,1.08E-11,0.015133414,0.000456384,0.091076798,1.90E-05
9.35E-13,4.14E-11,0.568870968,1.23E-13,1.01E-11,0.007280397,0.008328414,0.065846398,0.005900875,0.031355886,0.000107855,0.046226863,0.055562378,0.040969035,0.062777734,1.09E-11,0.010290575,0.000516548,0.095946946,1.91E-05
8.88E-13,4.24E-11,0.568445993,1.00E-13,9.12E-12,0.007560998,0.009639413,0.065730013,0.005933724,0.030488443,0.000111969,0.045559693,0.051726788,0.041159232,0.06897492,1.15E-11,0.00844538,0.000557717,0.095644527,2.12E-05
8.55E-13,4.19E-11,0.581562124,9.22E-14,8.95E-12,0.009378362,0.005211416,0.055699062,0.006145223,0.028105257,0.000111711,0.047611654,0.053759394,0.042513232,0.058126966,1.10E-11,0.010265035,0.000487643,0.100998944,2.40E-05
7.48E-13,4.00E-11,0.581136119,7.69E-14,8.16E-12,0.007875067,0.005496099,0.053789436,0.007838332,0.022336977,0.000136619,0.049437241,0.056082991,0.042114733,0.059690971,1.19E-11,0.0102661,0.00047952,0.10329538,2.44E-05
6.37E-13,3.24E-11,0.580920793,6.42E-14,7.44E-12,0.007955917,0.008824407,0.05367226,0.007774173,0.019444849,0.000126927,0.049219694,0.056083219,0.041861871,0.060959828,1.17E-11,0.010225151,0.000454269,0.102454059,2.26E-05
8.07E-13,4.16E-11,0.590820431,7.11E-14,6.85E-12,0.00814566,0.009222078,0.052644088,0.009575266,0.013249353,0.000149665,0.047500489,0.053435241,0.041780489,0.061964165,5.82E-12,0.010214361,0.000373444,0.100900683,2.46E-05
8.15E-13,4.30E-11,0.591862318,6.96E-14,7.00E-12,0.007909033,0.009725504,0.052491492,0.009182476,0.013171578,0.000141461,0.046621884,0.052734672,0.041720249,0.062560436,5.91E-12,0.010217444,0.000372603,0.101263933,2.49E-05
7.88E-13,4.16E-11,0.599763688,6.87E-14,6.91E-12,0.008335988,0.010285713,0.052528121,0.009144926,0.012880142,0.000139982,0.04552388,0.051101456,0.041450823,0.062354591,6.34E-12,0.011253005,0.000383779,0.094830826,2.31E-05
7.95E-13,4.19E-11,0.600856777,7.02E-14,7.04E-12,0.008331193,0.007846798,0.052468487,0.009436678,0.012954261,0.000144964,0.045703382,0.051238955,0.041668404,0.062620509,6.75E-12,0.011038555,0.000382496,0.095285386,2.32E-05
7.96E-13,4.20E-11,0.600330452,6.96E-14,6.94E-12,0.009086754,0.00785821,0.05222972,0.009301717,0.013381296,0.000142257,0.045596698,0.051049002,0.041641319,0.062693053,6.51E-12,0.011026705,0.000391766,0.095247526,2.35E-05
7.92E-13,4.16E-11,0.602681947,7.15E-14,6.98E-12,0.008574608,0.007093128,0.052463762,0.00889899,0.01385126,0.000136375,0.045253847,0.05083109,0.040994768,0.060343073,6.24E-12,0.010971182,0.000378398,0.097503821,2.38E-05
8.13E-13,4.29E-11,0.595592393,7.09E-14,7.03E-12,0.008168187,0.006777156,0.05856115,0.00866038,0.013878676,0.000131544,0.044090953,0.05003125,0.039436521,0.058393775,6.16E-12,0.010881063,0.000357178,0.105008794,3.10E-05
8.31E-13,4.42E-11,0.59478397,7.36E-14,7.21E-12,0.00774131,0.007905134,0.069023302,0.008838465,0.012933284,0.000131397,0.045113644,0.051011881,0.039528609,0.057689079,6.80E-12,0.010877721,0.000347897,0.094048027,2.63E-05
8.98E-13,4.81E-11,0.578117135,7.98E-14,7.69E-12,0.006863797,0.021696397,0.071397222,0.007680375,0.014886963,0.000105276,0.044396592,0.050775369,0.037651942,0.059944429,7.47E-12,0.010994396,0.000286367,0.095178549,2.52E-05
8.56E-13,4.52E-11,0.560094568,7.59E-14,7.23E-12,0.007009263,0.036502176,0.073454953,0.007386615,0.018197466,0.000105192,0.042156847,0.048460879,0.035689555,0.062973318,6.82E-12,0.011519779,0.000261377,0.096163389,2.46E-05
8.26E-13,4.33E-11,0.543285232,7.45E-14,6.94E-12,0.006605845,0.037907313,0.075751374,0.006814428,0.01879238,8.95E-05,0.040723907,0.0465377,0.035188753,0.058519317,6.40E-12,0.010475766,0.000205913,0.119074492,2.81E-05
7.98E-13,4.18E-11,0.527353238,7.24E-14,6.75E-12,0.005867895,0.039467687,0.08324749,0.006779226,0.018529731,8.85E-05,0.040948967,0.046132405,0.035895729,0.059460695,6.62E-12,0.010145561,0.000207398,0.125846962,2.85E-05
7.89E-13,4.14E-11,0.530484434,7.15E-14,6.70E-12,0.005796118,0.045174058,0.076001159,0.006905262,0.018091263,8.70E-05,0.039308152,0.044101628,0.034343398,0.056682673,6.91E-12,0.010423304,0.000204618,0.132367428,2.95E-05
7.87E-13,4.12E-11,0.52939372,7.12E-14,6.65E-12,0.005584562,0.043975503,0.074155937,0.006950916,0.017911817,8.72E-05,0.041280966,0.046325326,0.036104689,0.057908685,6.91E-12,0.010398096,0.000201302,0.129692043,2.92E-05
7.52E-13,3.93E-11,0.54391946,6.82E-14,6.39E-12,0.005245873,0.046683117,0.0782196,0.006513613,0.016888965,8.14E-05,0.040212464,0.046616306,0.034391507,0.050757614,6.37E-12,0.010932257,0.00017724,0.119333197,2.74E-05
7.61E-13,3.97E-11,0.56190298,6.90E-14,6.42E-12,0.005606211,0.046005001,0.067206299,0.006811845,0.018703837,9.70E-05,0.037582667,0.044494854,0.031840822,0.050972407,6.48E-12,0.010765511,0.000201552,0.117781509,2.75E-05
7.65E-13,4.00E-11,0.569651433,6.97E-14,6.53E-12,0.00572383,0.045113326,0.061302158,0.006853274,0.018160158,9.86E-05,0.037791184,0.043810805,0.032684586,0.05118004,6.50E-12,0.010885113,0.000194578,0.116523181,2.78E-05
7.41E-13,3.94E-11,0.568748024,6.74E-14,6.52E-12,0.005773663,0.045577586,0.062279899,0.008168898,0.019659583,0.000120327,0.036574755,0.041134644,0.032114752,0.045425431,6.15E-12,0.009081772,0.000200198,0.125110961,2.95E-05
7.35E-13,3.89E-11,0.571786961,6.65E-14,6.44E-12,0.005615728,0.046903825,0.061848466,0.007966906,0.019708557,0.000116964,0.03685453,0.041504692,0.032574978,0.046856676,6.04E-12,0.00893438,0.00022574,0.119073117,2.85E-05
7.33E-13,3.88E-11,0.574520542,6.64E-14,6.40E-12,0.005553533,0.046694005,0.063018367,0.00795416,0.01965548,0.000116992,0.036558262,0.041128287,0.032388045,0.041625535,6.03E-12,0.008964922,0.000212196,0.121581161,2.85E-05
7.33E-13,3.88E-11,0.574506782,6.64E-14,6.40E-12,0.005555455,0.046694656,0.063021827,0.007954326,0.019656491,0.000116998,0.036558873,0.041129699,0.032388418,0.041628968,6.03E-12,0.008965052,0.000212217,0.121581722,2.85E-05
7.80E-13,4.22E-11,0.579682721,6.95E-14,6.89E-12,0.006587181,0.053865595,0.060281409,0.007913224,0.019548344,0.000116508,0.036652102,0.041132308,0.033338001,0.03419493,6.03E-12,0.008936817,0.000234522,0.117487722,2.86E-05
8.04E-13,4.49E-11,0.572464747,6.93E-14,7.27E-12,0.006249218,0.058418053,0.060987782,0.007939679,0.01957279,0.000114649,0.037062284,0.041304769,0.034476987,0.034059961,6.10E-12,0.008505051,0.000136296,0.118679391,2.83E-05
7.84E-13,4.38E-11,0.577229603,6.50E-14,6.85E-12,0.005522428,0.056397641,0.059954203,0.008112958,0.019470856,0.000116587,0.037079899,0.041198284,0.034984136,0.033796978,6.07E-12,0.008492018,0.000175698,0.117441266,2.74E-05
7.80E-13,4.35E-11,0.578684099,6.46E-14,6.79E-12,0.005441363,0.05613943,0.059599301,0.008206391,0.019521176,0.000118076,0.037021221,0.041104901,0.035023119,0.033648681,6.05E-12,0.008474761,0.000177337,0.116812817,2.73E-05
7.80E-13,4.35E-11,0.578681365,6.46E-14,6.79E-12,0.005441191,0.056139358,0.059599943,0.008206356,0.019521274,0.000118073,0.037021262,0.041104977,0.035023038,0.033649001,6.05E-12,0.008474981,0.000177381,0.116814474,2.73E-05
7.80E-13,4.35E-11,0.578686677,6.46E-14,6.79E-12,0.005439181,0.056139989,0.059598462,0.008206233,0.019521369,0.000118073,0.037021358,0.041104902,0.035023142,0.03364867,6.05E-12,0.008475154,0.000177338,0.116812127,2.73E-05
7.80E-13,4.35E-11,0.578681431,6.46E-14,6.79E-12,0.005439214,0.056142735,0.059599049,0.008206306,0.019521594,0.000118075,0.037021405,0.041104988,0.03502328,0.033648657,6.05E-12,0.008475214,0.000177324,0.116813402,2.73E-05
7.80E-13,4.35E-11,0.57868325,6.46E-14,6.79E-12,0.005439223,0.056140708,0.059599199,0.008206319,0.019521622,0.000118075,0.037021497,0.041105013,0.035023504,0.033648841,6.05E-12,0.008475203,0.000177342,0.116812878,2.73E-05
7.79E-13,4.35E-11,0.578755833,6.45E-14,6.78E-12,0.005411836,0.056311621,0.059581891,0.008186889,0.019655566,0.000118058,0.036939224,0.041025791,0.034944895,0.033661275,6.03E-12,0.008474357,0.000177902,0.116727606,2.73E-05
7.77E-13,4.33E-11,0.578032971,6.48E-14,6.81E-12,0.005294756,0.055786305,0.059908924,0.008154793,0.020915501,0.000115098,0.036600182,0.04055979,0.03487655,0.03314057,5.99E-12,0.008303796,0.000242926,0.118040739,2.71E-05
7.68E-13,4.31E-11,0.591003708,6.37E-14,6.67E-12,0.00573404,0.055536239,0.058630377,0.008040436,0.021976117,0.000112868,0.036020121,0.039843345,0.034398588,0.033971954,6.05E-12,0.00789397,0.000175102,0.106636894,2.62E-05
7.68E-13,4.31E-11,0.591003112,6.37E-14,6.67E-12,0.005736173,0.055533204,0.058629034,0.008040049,0.02197681,0.00011286,0.036021215,0.039844421,0.034400633,0.033971459,6.05E-12,0.00789373,0.00017474,0.106636317,2.62E-05
7.68E-13,4.31E-11,0.590997107,6.37E-14,6.67E-12,0.005734108,0.055535229,0.0586291,0.008039984,0.021977647,0.00011286,0.036021567,0.039844696,0.034401431,0.03397239,6.05E-12,0.007894298,0.000174748,0.106638592,2.62E-05
7.68E-13,4.31E-11,0.590997107,6.37E-14,6.67E-12,0.005734108,0.055535229,0.0586291,0.008039984,0.021977647,0.00011286,0.036021567,0.039844696,0.034401431,0.03397239,6.05E-12,0.007894298,0.000174748,0.106638592,2.62E-05
7.62E-13,4.30E-11,0.593944272,6.38E-14,6.80E-12,0.005616085,0.0560751,0.058001154,0.008394634,0.021893617,0.000116855,0.035248606,0.039562798,0.033062465,0.031870846,6.06E-12,0.007967798,0.000123093,0.108096146,2.65E-05
7.63E-13,4.27E-11,0.589335478,7.14E-14,7.33E-12,0.00581794,0.056393648,0.058149151,0.008210074,0.025690201,0.00011145,0.035534878,0.040373744,0.032866248,0.031706358,6.06E-12,0.007842565,0.000128519,0.107812467,2.73E-05
7.64E-13,4.30E-11,0.593632971,7.26E-14,7.66E-12,0.006047257,0.058268556,0.058076503,0.008113504,0.024907442,0.000112415,0.035007812,0.04047622,0.031966965,0.030535119,6.10E-12,0.00728058,0.00012485,0.105423063,2.67E-05
7.57E-13,4.26E-11,0.598502057,7.45E-14,7.70E-12,0.005559495,0.058008801,0.058531827,0.008179329,0.023806516,0.000113549,0.034063083,0.039638199,0.030961068,0.029906912,6.53E-12,0.007251862,0.000147705,0.105303683,2.59E-05
7.59E-13,4.27E-11,0.600817347,7.62E-14,7.94E-12,0.005780922,0.058023795,0.056740247,0.008201608,0.025134597,0.000112033,0.032992514,0.038647473,0.029879567,0.031106478,6.67E-12,0.007011727,0.000128848,0.105396239,2.66E-05
7.53E-13,4.24E-11,0.596094765,7.59E-14,7.89E-12,0.006090837,0.05847699,0.057912203,0.008561037,0.025405057,0.000117493,0.032608123,0.038303137,0.029498539,0.035358123,6.62E-12,0.005820298,0.000138636,0.105588245,2.65E-05
7.53E-13,4.28E-11,0.600884499,7.67E-14,8.10E-12,0.006077233,0.05562604,0.058160512,0.008435681,0.024665653,0.000114273,0.031493932,0.037362611,0.028319079,0.032935521,6.57E-12,0.006193172,0.000134406,0.109570268,2.71E-05
7.73E-13,4.57E-11,0.601004382,8.37E-14,9.08E-12,0.00620921,0.056601591,0.055608202,0.008516783,0.02543088,0.000116729,0.033687914,0.040227915,0.029676589,0.028965508,6.79E-12,0.006723701,0.000140579,0.107062185,2.78E-05
7.73E-13,4.57E-11,0.601004382,8.37E-14,9.08E-12,0.00620921,0.056601591,0.055608202,0.008516783,0.02543088,0.000116729,0.033687914,0.040227915,0.029676589,0.028965508,6.79E-12,0.006723701,0.000140579,0.107062185,2.78E-05
7.72E-13,4.59E-11,0.601106865,9.15E-14,9.28E-12,0.007250493,0.052813406,0.056095377,0.009528697,0.024899928,0.000125224,0.032901228,0.039585328,0.02912933,0.029356157,6.68E-12,0.006738832,0.000258068,0.110184586,2.65E-05
9.61E-13,6.09E-11,0.559488789,9.92E-14,1.10E-11,0.005725106,0.065908393,0.051065529,0.009068288,0.035302397,0.000130836,0.04342389,0.049192384,0.039355179,0.03279388,5.90E-12,0.005357558,0.000438325,0.102719425,3.00E-05
9.72E-13,6.12E-11,0.554484359,9.81E-14,1.10E-11,0.005759059,0.070418617,0.051301333,0.009551626,0.035986763,0.000129056,0.0445195,0.050251731,0.040762993,0.029872297,5.89E-12,0.005761806,0.000447543,0.100716403,3.69E-05
9.66E-13,6.11E-11,0.555933761,9.71E-14,1.10E-11,0.005859464,0.068729157,0.050628667,0.009378715,0.037524248,0.000132592,0.044678791,0.050568179,0.040447779,0.029666332,6.01E-12,0.005695706,0.000434236,0.100285891,3.65E-05
9.58E-13,6.05E-11,0.546570056,9.63E-14,1.08E-11,0.005767115,0.077608138,0.056723022,0.009164621,0.038309302,0.000125258,0.042763259,0.048460018,0.038925429,0.029853532,5.86E-12,0.005563369,0.000408126,0.099720342,3.84E-05
9.61E-13,6.05E-11,0.544692224,9.68E-14,1.08E-11,0.005625065,0.080944629,0.056591629,0.00912102,0.040421575,0.000128028,0.042158929,0.048197337,0.037621992,0.029480519,5.80E-12,0.00555909,0.00038997,0.099027886,4.01E-05
9.68E-13,6.09E-11,0.549226558,9.78E-14,1.09E-11,0.005656492,0.073951711,0.057477347,0.009173807,0.038702315,0.00012818,0.0421647,0.048416026,0.037319488,0.031049474,5.83E-12,0.005546698,0.000389013,0.100759442,3.87E-05
9.68E-13,6.09E-11,0.549226558,9.78E-14,1.09E-11,0.005656492,0.073951711,0.057477347,0.009173807,0.038702315,0.00012818,0.0421647,0.048416026,0.037319488,0.031049474,5.83E-12,0.005546698,0.000389013,0.100759442,3.87E-05
1.00E-12,6.29E-11,0.561776604,1.01E-13,1.13E-11,0.005786034,0.058452935,0.060225812,0.0095004,0.032790892,0.000127752,0.040591008,0.047683513,0.035381643,0.033662371,6.22E-12,0.005720046,0.000427125,0.107836921,3.69E-05
1.00E-12,6.32E-11,0.564203018,1.01E-13,1.13E-11,0.005854017,0.056828913,0.059793091,0.009541623,0.033095078,0.000128834,0.040321217,0.047386768,0.035171675,0.033281892,6.30E-12,0.005747639,0.000426372,0.108182387,3.75E-05
